23971,
5073,
2292,
1157,
2816,
11723,
9655,
10431,
8979,
7568,
4659,
25757,
20125,
1205,
1244,
9017,
17266,
2164,
13305,
20920,
2512,
21921,
1515,
19941,
17484,
2607,
3758,
20310,
19637,
22233,
1927,
20006,
11501,
1406,
2304,
2075,
1138,
1260,
14940,
20922,
1446,
17615,
2531,
1522,
1697,
1283,
15989,
13549,
12919,
20055,
16928,
20437,
2493,
14719,
5972,
2467,
7682,
2668,
22251,
7490,
16234,
2138,
1863,
4485,
1253,
1806,
1987,
2110,
9935,
13144,
1976,
1027,
2179,
2631,
4179,
1238,
14658,
2206,
22866,
24337,
15683,
1943,
9527,
3687,
2169,
1202,
24042,
22954,
20188,